25.10.2023 0:00	13,4	756,1	762	1,9
25.10.2023 21:00	17	754,2	760	2,1
25.10.2023 18:00	20,2	752,1	757,9	-0,6
25.10.2023 15:00	23,8	752,7	758,4	-0,2
25.10.2023 12:00	18,3	752,9	758,7	-0,2
25.10.2023 9:00	13	753,1	758,9	0,4
25.10.2023 6:00	11,8	752,7	758,5	-0,7
25.10.2023 3:00	9,9	753,4	759,4	-1
24.10.2023 0:00	10,6	754,4	760,5	-1
24.10.2023 21:00	11,4	755,4	761,5	-1,3
24.10.2023 18:00	17,7	756,7	762,5	-1,1
24.10.2023 15:00	17	757,8	763,6	-2,3
24.10.2023 15:00	10,4	760,1	766,2	-0,5
24.10.2023 9:00	-1,8	760,6	766,9	-0,7
24.10.2023 6:00	-0,5	761,3	767,6	-1,4
24.10.2023 3:00	1	762,7	769	-1,5
23.10.2023 0:00	2,4	764,2	770,5	0
23.10.2023 21:00	5,4	764,2	770,5	0,2
23.10.2023 18:00	11,8	764	769,9	-0,7
23.10.2023 15:00	10,7	764,7	770,8	-0,1
23.10.2023 12:00	7,2	764,8	770,9	0,1
